xviii INDEX

171110818811,110181818, 001888 min. vide 11018818,8118818,(1184)99.
81810118οω088. · 8880118188,1οω818181811’81081188,(881)
1111811811, 1188811118 de. episcopm 1818811881818, 998.
(1100) 01, (1101) 8., (1111) 87; 08 (118) laneorum regnum dividitur, (887) 14.

88. 8888818108. (1118), 181.
florentius, eloam elnonensis, (1101) 1081 mol». (871) 80.

(1108108. hadericus j.. imperator 08888884, (1188) 70,
8101008880),οο18816011001880,(1148)74. (1108) 78, (1187) 81, (1177) 88, (1181) 81;
11011018, unbertus 18, 0018000118 11818101188818, 01. (1189) 96, 109.

(1146) 747 episcopus lundoniensis, (1170) 68. 1118188088 ij.. imperator 0001188118, (1918) 184,
Polion, 801888 de, episcopm 1188108888, (1188) 148, (1148) 184, 171; 01. (1880) 178.

(1167) 81. 1181818188, 81188, 01. (764) 7. ’
110118 1111118111, 8118118 18 Andegavia, (1189) (Β. 818118181188, 8018000118 fingunt-lamia (740) 47
11081811801, vide 110118 1111118111. 01. (766) 7.

1101111188, 81188 10, (1911) 111. - 1118118881188, 8018000118 Candide 0888, 01. (764)
110108, 18 comitatu Moraviae, (906) 995, (965) 7, (766) ib.

896. 111181008011818 8018000118, 174.

1101181, (1956) 168. 8811888888, 801800008 11118108181818, (989) 981
1101181181,18008111818 Ρ81118881, (859) 998. 01. (988) ib.
1101118188, 8011100088 occidentalium 80808818, 111081818888, (998) 89,ι

(781) 9. 11801808881881188,“(1941)119.
1101111118,91111811811818,1).0018881111181818, (1917) 1111881818, 18 0018111111 18 1111110888, (879)

’ 1811 01. (1941) 169. 99. .
1101111118, willelmus de, iij. 008188 1111818818, 114, Fumat, 81188 (18,Ι (1911) 111.
(1958) 188. 1 ,

G. . . ., episcopus sidonensis, (1948) 156. (18111818, (1118118818, 001888 (le 118110, 100.
(1. . . ., 888011 Theodori 11800888 cardinalis, (18111818, Thomas 18, 008188 18 81110118, 01.

180. ,(1181) 141, 184.

(1181188, 18 1108888818, (1188) 96. (181πεί88888, (1917) 180, 144, (1956) 164.
(1818881810, 18 0018111118 1180018181, Δ(1018) 48. (1881811888, 8018000118 Sancti 1811818, (1954) 180,
0811118,880811818. (1188) 181, 8. (1188) 181, (1187) 8.,(1188)
(1808111880880888, (1180) 88. 188,(1108)180;ο1.(1188)111.
(18188818018000118, 178. (lant, (680), 99.

Galo, 0811188118,οῶ (111810. v ι (1811018188, 81111818 Longo Ponte, (1916) 185 7
(18888, (1141) 71, (1100) 77, (1188) 84, (1118) · 4818 08181011, (11.) 8.

196, (1917)· 180, (1985) 1458147. , (1888110118, 18 0018118111 (10188118,(894) 15. <
(18188181881811118, (1985) 146. (laufridus, 001888 Britannis, 111188 1188110111, 01.
(18111818, 80180001 10, 0118 Candida 0181, 8018· (1168) 94, 95. ¹ Δ 7 , μ Α

000110. (18811118881181 18 0111810, (1909) 1071 81188
(1818818, 111818, 01. (1917) 180. , 18 81118810, (11.)ι·6.,7 . ·

 

