uffi 1 INDEX

Odo, sbbss dc 0010100111, (1085) 144, 145. 0111101101, archiepiscopus Εο011000111,(958) 811
000, rex 81100110, (887) 24. 00. (972) 88.
oua, 1011 Μο10101010, (757) 6, (771) 8, (774) 18., osseus, 0011101 1101111001οῐ18, 80.
(777) 91 00. (796) 12. 0111001, (11000101 103118100111010, 17.
01101 ij„ rex suavorum, (1017) 48. 01010001, dux, 00. (888) 15. ·
011101, rex Νο10310010111, (1027) 45, (1028) 181 0110001, 101, (786) 10, (700) 111 00. (id.) 18.
’ 11. (1010) 11. 0110111011, (047) 11.
0101001, fratres 00110110, (1280) 142. ostiarius, Alanus, (1051) 170,(1258) 180, (1255)
0111110, Wsiterus, justiciarius Laodoniae, ob. 18., (1057) 188.
(1240) 155. osulfus. rex Northumbrorum, (758)81 011. (id.)
Olisiponis 0111111,(1148) 74. · u.

. 011101118100110001100010,(1268)015.01011111, comes Νο1100100118,80.

0101080108, (1098)61, (1178)87, (1085) 197. 0111111001, episcopus 101301000111,(080)80, (9 0)
01031101, dux 0001010110, (064) 801 011. (071) 88·,11011101111001101110011000111118 .)18.. (08
,11. 11., (011) 1111,(010) ., <us 110) ;;11 (uus)
01000101, dux, 98. ’ 18., 01110101 levantur, (1000)40.
0101111101100111 Mundi, 01111111, 215. 01111101, suncti 10311, 011110110101, (010) 28.
0111111001 dux, (780) 91101 Νοη11110101010111,01111001,011.(760)6.
(704) 111 10001011 ..18).· ,·.οο (700) 18. 0111111111, 001100. (765) 7.
01001001000101, 00. (871). 0111101 10311011110110101, (1085) 55.
01001101, 1001100 (1000110101, 01). (umes. othoiij„ dux 3013000110, 00. (1218) 184.
01001101, prior 8100οΜ1011011,(1180)00110-011101111011011801000100011105.
111100 1101000000),(1180)021011.01110 01.,11111011111 0001100111,(1011) 111,
(1101) 101 (1110110, 11. (1110) 111
01011011, rex Νο111100101010111,886 (886 )18, (887) 0111101001 pspae, (1287) 148, (1089) 1491
191 00. (111.) 18. episcopus Portuensis, (1248) 186, (1245) 167,
01011131, 1031011103101010, 111018ῑο01110]ίὶ (840) 160. ’
17. 0111010100, 10 comitutu euntis, (774) 8.
013110, 103101 Northumbrorum, 0101111010οἰ, 0110011, (1018) 44, (1008) 107, (1218) 119,
(scs) 0. , (1101111.
01301111 Cispps, (1042) 48, (1046) ib. ⁴ 0100181111οη, 007.
01110110, 1010100100, (874) 00· 011010,1030101 walliis, 011., (1170) 82.

Ρ..

Ρ ······· archiepiscopus 110100013011111,(1045) Parc, 101111 00, 10 Sectis, (1188) 07.

165. 01110001 [naves] (898)24.
Psudulfus, clericus pspae, (1214) 115, (1018) Ρ1111101, (1208) 107, (1210) 100.

111. · 11111111111111, (1000)οι (111001, (1111)
Ρ1000101,0100010301101111]“.,ρ1111. 65100.(1118)1“8.
Pspclsrdi, (1210) 110. 11110101, conventus 00, 10 comitatu 00 11001101,
1111101110101. (111101. ’
Ριρ100111 episcopus, (1241) 150. Passus, Ηο3000,011110011111 0014100111, (1040)
Pspirus 101110001110301111111118, (1151) 74. 1511 00. (1042) 154.

 

