INDEX. xxvii

1016011110 ij, 1100010101 0001600111, (1125) 68. (1216) 126, 124, (1217) 128, 129, 160, (1222)
Luceden, rex Μο10101010,(824) 15 ; 06. (825) 16. 1401 06. (1226) 141.

10060010 Francia, (1194) 102. 1106011000 ix, 101 Francorum, (1245) 166, 164,
Luci, (1060111600 60, episcopus 1101001006. (1248) 177, (1249) 16., (1250) 178, (1254)
(1001) 100. 100, (10010110, 00. (10.)ι·0.,·017, 010.

Lucius ij, 0000, (1144) 72 ; 06. (1145) 16. Lugdunum, (1246) 156, (1245) 176, 174.
10010011].,’0000,(1181)91,(1182)92; 06.(1185) 1101006, 101 Scottorum, (1055) 51, 227; 06.
01. ·(1000) u.
Ludehum, (1060111600 60, archiepiscopus Eboro- Lundors, (1216) 166.
oensis, (1000) 100. ’ uuna, (1117) 00, (1000) 100, (1010) rm.
1000000).,001011010,170. 10000010, (700) 10, (011) 10 (070) 00, (000)
Ludovicus j.. rex Francorum, (816) 14. 28, (982) 67, (994)69 ,(1012) 42, (1026)45,
1106011000 11.,1011“100001010, 01). (957) 61. · (1040) 47 (1057)56, (1066)55 ,(1090) 59,
1106011000 1.,101 Francorum, (987) 67; 06. (988) (1100) 62, (1101) 16., (1107) 66, (1125)68,

00. (110770.) (1111) 70, (1170) 00 (nomeu,
Ludovicus vj„ rex Francorum, (1101) 62, (1107) (1212) 116, (1216) 126, (1217) 128, (1226)
00, (1110) 001 ob. (1107) 7ο. 110. (1007) 110, (1000).) ., (1011) 100.
11060νί000 vij, rex Francorum, (1167) 70; 71, 1100600100, 00010010 Sancti Pauli 0006 (1012) 46,

(1117) 70, (1110) 71, (1170) 001 ou. (1101) (1101) 00, (1000) 110.
01. tmdonienses, (1010) 10, (1111) 70.
1106011010 viij, 101 8100001010, (1210) 110, lusignan, Gui de, rex 1010101100), (1187) 95.

ι Μ.

16000061, 11100600, (1215) 117. Μο11100,0160 Melros.

1100010101 leges, 224. 11011600, 0110000060, (1211) 112.

11006016, 101 Scottorum, (1069) 47, 227, (1050) Μο1006100,001000000 Hybemiae, (1148) 74. -
49, (1001) 00 oo. (1000) 007. 1111011001), rex 00011000, (010) 000, (010) uos

Maccus, 101 1000101001, (976) 64. 06. (952) 16.

Μο0011011011,0160 1111060011οΠ. 1101001000 ij 101 Scottorum, (1006) 226, 227,

1110010010, (1010) 117. (rorum, (1001) 101 ob. (1001)10, 007.

1 Μο011001101,1060000060, (1241) 154. 110100100010101 Scottorum, 1055)227, 1050)

11006001οῑ00, rexPugunorum, (1211)]12. 16., 228, 51, (1001)16, ,(1070)55, (1072)
1100600100ιο, soldanus, (1245) 170. 56, (1079) 57, (1080) 16. ,(1091)60 ,(1096)
1600νί11100, 1100016111, 06. (1187) 961 112, 16.· 06.(16 .)52,60, 2281 62.

117. 110100100011, rex Scottorum, (1141) 72, (1166)
1100110100011, comesRosensiu, ob. (1265) 146. 52, 75, (1157-1159) 76, 771 (1160) 16.·
1110160160101, (1061) 45.ν (1162-1104) 78, 791 ob· (1165) 56, 801 96,
Magnus 1.,,101 Norcganorum et 1100001010ὴί10, 229.

(1046) 481 06. (1047) 16. 110Ιο010100, 101 cumbrorum, (976) 64.

Magnus iij, 101 Noregunorum, (1098) 61. 1101001000, filius regio cumbrorum, (1064) 51,
Mogontia, (1080) 58, (1114) 64. 1101001000, vij. 000700 60 1110, (1217) 129; 06.
11001010, episcopus (110000000049.Ι (1260) 142.

1111611111, 016010 comitutu ertonioe, (940) 29. malcomus, viij. 00100061 no, (1260) 142.

 

