H.

11 ······ 11111110111111111, (1214) 116. 11111111, in 1111111111 (1111111111, (1222) 139.
1111111111111,111111111111111. 111111, in comitatu de Rokesburch‚ 11111111
1111111111ἰὼ Aberden. Sanctae Mariae apud. (1214) 115.
1111111.,111Νο111ςὶ11,(1263) 190) 11. (id.) 11. 1111111111, episcopus 111111111111111, (797) 12;
1111111111, (1111) 11, (1111) 11, (1111) 111, ob. (111) 11.

(1242) 154. 111111111111, princeps, (777) 9.
111111111111111111111, portarius de Sancto 11111111, vide Eccles.

Servano, (1252) 179. 1111111111, 111 Scottorum, (747) 4, 2231 11. (777)
11111111111111111111, ob. (773) 8. 9, 223.

Hngustaldensis 11111111, 11 Νο111111111111, (788) 1111, 111 Scottorum, (878) 224, (879) 22, 224.

10. 1111111111,1ο111111111,11111 Ε1111111,1ο111111111
1111111111, rex 111111111,(871) 19, (873) 20, (874)’ 11.

11., (875) 21; ob. (877) 11. Heli, in comitatu Cantabrigiae, (1030) 46.
11111111111111111111111111. 1111111, abbas Rievallis, (1211) 111, (1215) 117,
111111111111111111, (1179) 89. 130.

1111111111, Petrus de, 11111111111111171111111, 1111111111, regina Angliae, 1111 11111111 111,, 191,

(1111141.1 . 111. ·

111111, filius Roberti, 11111111 monastriae, ob. Hengestesdune, in comitatu 0111111111, (884) 16.

(1159) 76. 111111111111111111 Memiorum, ob. (765) 7.
1111111111, vide Suthamtonia. Hemingus, (1009) 41.

111111111,111111 Cathenesioe, (1197) 103. 11111111 j.. 1111111111, 61, (1091) 59, (1100-
1111111111, rex 11111111,44,(1ο11)11,(1ο17) 1111) 11, (1105) 11, (1111) 11., (11111111)

47, (11111111 1111111111, (1040) 1., 11111111,(11111,(1111)11,(1111)1.,

(1141) 11,·11. (114141. 11, (1111) 11., (1111) 11, (1111)11; ob.
1111111111, Adam 11, cellerarius de Ν1111111, (1135) 70; 71, 71.

(1216)124; 1111111 Ν1111111, (11.)1“5., (1218) 1111111111 ij„ rex 1111111111, (1149) 74, (1151)
’ 111, 111 abbas de Melros, (1.) 11., (1111) 1., (1111) 7⁵, (1111) 11., (11111111) 11,

111, (1111) 111 111, 111. (11111111) 11, 11, (1111) 11, (1111) 1111,
11111111), rex Anglorum, (1111) 11, (1111) 11,· (11711111, (1111)11,(1111)11.,11, (1171)

ob. (1041147. 17, (117111, (1111) 11, (1111) 1111111.
Hasoldus ij„ rex Ang10mm‚ (111111, (1111)(11, (1111) 11, 11, (1111) 1., (1111) 11,(1111)

(1111) 11, (1111) 11., (1111) 11., 11 11. (11.) 1.,11.

111111111, comes Danorum. ob. (871) 20. 11111111 iij.. 1111113111, 53, (1216) 124, (1217)
1111111111 iij.. rex 1111111111, (1076) 57. 129, (1235) 145, (1236) 147, 148, (1238) 11.,
111111111111111113111111141. (1242) 154, (1243) 156, (1251) 179, (1253)
liutoldus Harphager, rex Noreganorum, (1141) 111, (1111) 111, (1111) 111,(1111)111; ob.

481 11. (1066) 55. (1270) 219.

111111111111, 11 ’1111111111111111 111111 1111111- 111111111 filius Henrici ij„ regis 11111111, (1170)

gerni apud. (1111) 111. 11, 11, (117111, 1111. (1111) 11.
1111111311, David de, 11111111111,(1242)156; 1111111111» 0111111111, (1179) 89; episcopus

ob. (1289) 217. 1111111111, (11.)ι·1.,· 11. (1188) 97.

 

