xii INDEX

om. 1111111111 11, mmmmm) 111.

Vide willelmus. Cuthbertm, ndfiepisoepm cnmnimfi, (74οΪ
111111,11111111111111111111,11111)111 1;11.(111)1;1ρρ11111111111ω111,(1π,
1111111111, 1010111111 de, 111011111111111 Cantauri- 21; empus ejus 11111111, (875) 10. (995) Β,

1111111111),11111,11,(1111)11;ο1. (1111)11;11111111111111111111(111)11

11108)70. 011111111οω,1111111111411111111,7.
111111,11111111111111111)111. 1111111111, ob. (1111) 11.
0111111, nobam 111, 178, 0110111018, episcopm nuditum (wl) 25.
(3111111111, noberta· 111, (1217) 128, 0181111111,111 111111111Ε11111111111, (1108) 79.
cmm-e, 1111111111, (1111) 111 ob. (1111) 11. 11111111, rex Pictorum. ob. (111) 1.
1111111,11ο111111 de, (1111) 111, (1111) 111,

ob, (12201 107.

D.

D · · · · 11111. (311111. 180. 0111111111, vide Horehim„
1111111111, (1111) 111, (1111) 111. 11111111111111,
0111111111, in 1111111110111111111111, (1180) 78, me Alexander,
(1204) 105. 1111111111,
Daue-3214, (991)98 ,(994 )99, (1002)40 ,(1007 lietbertus.

41, (1012) 42, (1001) 50. Hugo,

)
111111,(111)11,(111)11, (11111911. ,841 ³) 1111111111,
)

11,(111)11,(111)11,,(111)11,(11111,
1871)1’0., 20, (879)1’0.,10.(’874),(875-877 1711111111.
21, (870-880)22, (ees-887) 20, (803) 24, 911111111111111144.
(897)1’0. ,(001)25,004( )10., (980)88 ,(088) 1111111111111111,
11,(111)11 ,(111)11., (111- 1111111, (1111) me nugo.
40,(1004)1’0., (1000)41, (1010) 42 (1011) )10. Dervorguilh, uxor 0111111111 3111111, (1200)140,
Daniel, episcopus 0111111111, (781) 1, 2) ob. 144.
(748) 4. 1111111111, (920) 27.
David iij. 1111111 111 1111011011, (1170) 82, Ῑ)11111,111.(1252) 170.
(1111) 11, (1111) 11, (1111) 11, (1111) 11, Dionysius ij. papa, (111) 111 ob. (111) 11.
(1100) 99, (1205) 105, 108. 0011111111, 11131200) 111201) miracula ejus,
1111111, episcopus, S. Androm, 11111 81111111. 10.
David )’.,111 8111111111, (11210521 82, (1124) nol, villain Francia, (1075) 57.
07, (1120) 88, (1127) ih„ (1108-1188) 70, 111101111101111 011111111111111111 11111111ωο111),
(1111) 11, (11111) 11,, (1111)11, (1111))1, 11.
(11111111 ob. (1111) 11, 7⁵; 11, 111. 1111111111), liberae, (1111) 11.
David, 01111Α11111111 1111111111 Scottorum, (1272) 0111111111, (980) 08, (1001) 40.
222. 0111111111111, (988) 37, (1001) 40.
0111111111 Walliae, (1240) 150. 1111011111 in 811111, (1197) 108.
Do. 01111111 in 811111, (970) 04. Bonus, papa, vide Dionysius.
1111 11111111), (111) 11, (1111) 11. normannum, (111)11,(1111)11.’

8111111111, Adam 01,

 

