xxxvi INDEX.

1101011110, episeopus 0001101010, (1085) 58. Rokeeburoh, (1125) 68, (1134) 69, (1187) 70,
leopertus, abbas cistercii, (1000) 01. (110100, (1100) 00, (1100) 100, 0., (1101)
1101101100, 1110010 Dete, (1110) 137, 10100 10 100, (1100) 100, (1110) 111, (1111) 111,

11111000110. (1100) 140, (1100) 140, (1141) 104, (1100)

1101011110, abbas de 11010, (1235) 145( 01. (1151) 181, ih„ (1258) 183.
179. 11010011101, castellum de, (1107) 103, (1187)

1101011101, 001100 1101110101, (1100) 62. 141.

110101110 ij, rex 1111001111, (1000) 391 01. 110100111011,0001001081101111001111, (1134)89.
(1036) 46. 1101001101111111010, (1134) 69, (1156) 76.

110101110,0101111000110(110001101010,01.(1122) Rokesburch, 1111010, cancellarius 8001110, 01.
140. (1100) 104.

1101011110, 1110010 (1101110, (1236) 147. 110100111011,10111110010,110011101110 10 (111001,

80101110001100 Glouoeetriae, (1140) 71. (1196) 102.

110101110, patriarcha Ierosolimitenue, (1244) 156, Rokeeburch, 110111111010, monachus de Melros,
100. (1100) 100, (1100) 197.

110101110, comeo Leioeotriee, 01. (1168) 81. 1101111110, dominus Galweioe, (1185) 94, 111,,

1101101110, dux Normannorum, 0110 110110. (1186) ib. ,· 108.

110101110 Magnificus, 1111 Νο11111101111, (1026) 11011111, frater, ob. (1185) 94.

45 ; 01. (1035) 40. 111110, dux Normannomm, (876) 21, (896) 24,

1101011110 curtehose, dux Νο111111ο1111,(1077) 25101( )20.

01, (1010, 1000) 0., (1001) 00, (1001) ol, 11010, (1001) 40, (1000) 40, (1001) 04, (1001)
00, (100)οι, (1100)01, (11000. (1100) 00. 00, (1000) 10, (1000) 01, (1101)(10. (1111)

110101110, 0111010 Novo Monesterio, (1218) 135. 64, (1118) 65, (1121-1123) 67, (1154) 75,

110101110, prior Sancti 11111010, 01. (1160) 77. (1155) ib, (1165) 80, (1187) 81, (1179) 89,

10010100, prior 10 Saone, (1114) 000 episcopua (1100) 00, (1101) 107, (1111) 110,·(1114)
Sancti 11100, (11.)0..· ob. (1100) 10, 77. 110, (1110) 110, 111, (1140) 101, (1140)

1101011110, episeopus 11οο01010, (1213) 114. . 155. ¹

Rochesord, Simon (10, vide Munford, Simon (10. Romoe, legatus, (1215) 121.

1101011010, (1197) 103. Romoyni, Anselmus de, (1217) 128.

1101111110, rex Bmgundiae, (887) 24. , Ros, (1179) 90.

11οο100, civitas 11 Mesopotamia, (1145) 72. 1100, 01 1111, 18811

11000110, comeo, (1087) 59. Ros, J · · · · de, 184.’”

11030110, 11110 10 01101110, (1152) 75, (1 177) 88. Ros, 11110111010, (1191) 99.

11010100, poor, (1141) 11. Rosa 01100, (1101) 01.

Rogerue, archiepiscopus Eborocensio, (1154) 75, 110000111111001111011101101111, 228.

(1170) 82, 83; 01. (1181) 91. 1101101000, episcopi,

Rogerue, cellerarius de Melroe, (1230) 1471 01110 Vide Gregorius,

0011010000, (10.) 0,· 01. (1100) 101. Murem, 11101010,

Rogems, episeopus salisberiensis, (1107) 63, 1101111110,

(110011. 11οο01100.

11000110011000110 Sancti Andreae, (1189) 07, 1101101111, 208.

(1100) loo 01. (1101) 104. - 1101010011, (1104) 101, (1100100.

11000110, magister conversorum de Werdonie, Rothomagensis 11011ορ10001υο,(1241) 153.
(1110) 111; 0110010 1101101110, (11.) o, 1101000001, (041) 10, (semo, (oeo)37‚ (00000,
(1111) 110, (1111141110 1110001110, (ot.) 11000100, veo Edessa.

0., (1100) 140. 11001011,1101110,(1107)10.

 

